;PC Software:StarLab Version 3.72 Build 3
! ******* Warning: Do not modify this file. Changes may prevent   ********
! ******* the StarLab Log reader from opening the file correctly. ********
;Logged:26/05/2023 at 17:17:13
;File Version:5
;Time Resolution:1 microseconds
;Log Settings:Stop after:period: 00:05:00
;Graph Mode:Merge
;Graph Type:Line
;Notes:                                                            

;Channel A:Vega Pyroelectric PE50BF-DFH-C (s/n:3058255)  VG2.54 (s/n:999999)

;Channel A:Details
;Name:PE50BF-DFH-C
;Graph Color:RGB(14,104,168)
;Units:J
;Settings:Measuring:Energy
;Settings:Wavelength:532
;Settings:Range:200mJ
;Settings:Diffuser:N/A
;Settings:Pulse Width:1.0ms
;Settings:Threshold:Min
;Functions:Average:3 sec

;Channel A:Statistics
;Min:78.60mJ             
;Max:80.64mJ             
;Average:79.83mJ             
;Std.Dev.:296.4uJ             
;Overrange:0                   
;Total Pulses:615                 
;--------------------


;First Pulse Arrived : 26/05/2023 at 17:17:14
  Timestamp   	  Channel A  	  F(A)       	
         0.000	  7.920e-02 	  7.920e-02 	
         0.034	  7.800e-02 	  7.860e-02 	
         0.066	  8.070e-02 	  7.930e-02 	
         0.100	  8.110e-02 	  7.975e-02 	
         0.134	  8.250e-02 	  8.030e-02 	
         0.166	  8.120e-02 	  8.045e-02 	
         0.200	  7.880e-02 	  8.021e-02 	
         0.234	  8.100e-02 	  8.031e-02 	
         0.266	  8.090e-02 	  8.038e-02 	
         0.300	  8.100e-02 	  8.044e-02 	
         0.334	  8.260e-02 	  8.064e-02 	
         0.367	  7.940e-02 	  8.053e-02 	
         0.400	  7.940e-02 	  8.045e-02 	
         0.434	  7.800e-02 	  8.027e-02 	
         0.466	  7.990e-02 	  8.025e-02 	
         0.500	  7.780e-02 	  8.009e-02 	
         0.535	  8.010e-02 	  8.009e-02 	
         0.566	  7.920e-02 	  8.004e-02 	
         0.600	  8.010e-02 	  8.005e-02 	
         0.634	  8.100e-02 	  8.009e-02 	
         0.666	  8.140e-02 	  8.016e-02 	
         0.700	  7.730e-02 	  8.003e-02 	
         0.734	  7.890e-02 	  7.998e-02 	
         0.766	  8.000e-02 	  7.998e-02 	
         0.800	  7.880e-02 	  7.993e-02 	
         0.834	  8.020e-02 	  7.994e-02 	
         0.866	  7.930e-02 	  7.992e-02 	
         0.900	  7.890e-02 	  7.988e-02 	
         0.934	  7.960e-02 	  7.987e-02 	
         0.966	  7.800e-02 	  7.981e-02 	
         1.000	  8.030e-02 	  7.983e-02 	
         1.034	  8.240e-02 	  7.991e-02 	
         1.066	  7.950e-02 	  7.989e-02 	
         1.100	  7.750e-02 	  7.982e-02 	
         1.134	  8.300e-02 	  7.991e-02 	
         1.166	  7.880e-02 	  7.988e-02 	
         1.201	  8.010e-02 	  7.989e-02 	
         1.234	  8.040e-02 	  7.990e-02 	
         1.266	  7.850e-02 	  7.987e-02 	
         1.300	  8.040e-02 	  7.988e-02 	
         1.334	  7.950e-02 	  7.987e-02 	
         1.368	  7.990e-02 	  7.987e-02 	
         1.401	  7.770e-02 	  7.982e-02 	
         1.435	  8.090e-02 	  7.985e-02 	
         1.467	  7.830e-02 	  7.981e-02 	
         1.501	  8.000e-02 	  7.982e-02 	
         1.535	  8.010e-02 	  7.982e-02 	
         1.567	  8.070e-02 	  7.984e-02 	
         1.601	  8.020e-02 	  7.985e-02 	
         1.635	  7.950e-02 	  7.984e-02 	
         1.667	  8.110e-02 	  7.986e-02 	
         1.701	  7.880e-02 	  7.984e-02 	
         1.735	  8.080e-02 	  7.986e-02 	
         1.767	  8.100e-02 	  7.988e-02 	
         1.801	  7.920e-02 	  7.987e-02 	
         1.835	  8.030e-02 	  7.988e-02 	
         1.867	  7.890e-02 	  7.986e-02 	
         1.901	  8.230e-02 	  7.990e-02 	
         1.935	  8.260e-02 	  7.995e-02 	
         1.967	  8.260e-02 	  7.999e-02 	
         2.001	  8.320e-02 	  8.005e-02 	
         2.036	  8.120e-02 	  8.006e-02 	
         2.067	  8.190e-02 	  8.009e-02 	
         2.101	  8.110e-02 	  8.011e-02 	
         2.135	  8.150e-02 	  8.013e-02 	
         2.167	  8.030e-02 	  8.013e-02 	
         2.201	  8.010e-02 	  8.013e-02 	
         2.235	  8.110e-02 	  8.015e-02 	
         2.267	  8.070e-02 	  8.016e-02 	
         2.301	  7.890e-02 	  8.014e-02 	
         2.335	  7.960e-02 	  8.013e-02 	
         2.367	  8.100e-02 	  8.014e-02 	
         2.401	  8.000e-02 	  8.014e-02 	
         2.435	  8.090e-02 	  8.015e-02 	
         2.467	  8.200e-02 	  8.017e-02 	
         2.501	  7.970e-02 	  8.017e-02 	
         2.536	  7.890e-02 	  8.015e-02 	
         2.567	  7.950e-02 	  8.014e-02 	
         2.601	  7.720e-02 	  8.011e-02 	
         2.635	  7.900e-02 	  8.009e-02 	
         2.667	  7.800e-02 	  8.007e-02 	
         2.701	  7.850e-02 	  8.005e-02 	
         2.735	  7.850e-02 	  8.003e-02 	
         2.767	  7.990e-02 	  8.003e-02 	
         2.801	  8.000e-02 	  8.003e-02 	
         2.835	  8.050e-02 	  8.003e-02 	
         2.867	  7.900e-02 	  8.002e-02 	
         2.901	  7.780e-02 	  8.000e-02 	
         2.935	  8.040e-02 	  8.000e-02 	
         2.967	  8.000e-02 	  8.000e-02 	
         3.001	  7.900e-02 	  8.000e-02 	
         3.035	  7.800e-02 	  8.000e-02 	
         3.067	  7.940e-02 	  7.998e-02 	
         3.101	  7.960e-02 	  7.997e-02 	
         3.135	  7.970e-02 	  7.994e-02 	
         3.167	  8.070e-02 	  7.993e-02 	
         3.201	  7.780e-02 	  7.992e-02 	
         3.235	  7.800e-02 	  7.989e-02 	
         3.267	  8.040e-02 	  7.988e-02 	
         3.301	  7.990e-02 	  7.987e-02 	
         3.335	  7.900e-02 	  7.983e-02 	
         3.367	  7.900e-02 	  7.982e-02 	
         3.401	  7.860e-02 	  7.981e-02 	
         3.435	  7.770e-02 	  7.981e-02 	
         3.467	  7.790e-02 	  7.979e-02 	
         3.501	  7.740e-02 	  7.978e-02 	
         3.535	  8.010e-02 	  7.979e-02 	
         3.567	  8.000e-02 	  7.979e-02 	
         3.601	  8.160e-02 	  7.981e-02 	
         3.635	  7.930e-02 	  7.979e-02 	
         3.667	  8.070e-02 	  7.978e-02 	
         3.701	  7.950e-02 	  7.981e-02 	
         3.735	  7.880e-02 	  7.981e-02 	
         3.767	  8.020e-02 	  7.981e-02 	
         3.801	  7.830e-02 	  7.980e-02 	
         3.835	  7.790e-02 	  7.978e-02 	
         3.867	  8.000e-02 	  7.979e-02 	
         3.901	  7.860e-02 	  7.978e-02 	
         3.935	  7.890e-02 	  7.977e-02 	
         3.967	  7.890e-02 	  7.978e-02 	
         4.001	  8.070e-02 	  7.979e-02 	
         4.036	  8.100e-02 	  7.977e-02 	
         4.067	  8.230e-02 	  7.980e-02 	
         4.101	  8.070e-02 	  7.984e-02 	
         4.135	  7.970e-02 	  7.980e-02 	
         4.167	  7.900e-02 	  7.981e-02 	
         4.201	  8.020e-02 	  7.981e-02 	
         4.235	  8.100e-02 	  7.981e-02 	
         4.267	  7.920e-02 	  7.982e-02 	
         4.301	  7.750e-02 	  7.979e-02 	
         4.335	  7.960e-02 	  7.979e-02 	
         4.368	  7.850e-02 	  7.978e-02 	
         4.401	  8.040e-02 	  7.978e-02 	
         4.435	  7.630e-02 	  7.977e-02 	
         4.467	  7.990e-02 	  7.975e-02 	
         4.501	  7.940e-02 	  7.977e-02 	
         4.535	  8.040e-02 	  7.977e-02 	
         4.567	  7.800e-02 	  7.975e-02 	
         4.601	  7.960e-02 	  7.974e-02 	
         4.635	  7.990e-02 	  7.973e-02 	
         4.667	  7.860e-02 	  7.972e-02 	
         4.701	  7.800e-02 	  7.969e-02 	
         4.735	  7.940e-02 	  7.970e-02 	
         4.767	  8.080e-02 	  7.970e-02 	
         4.801	  8.010e-02 	  7.969e-02 	
         4.835	  7.750e-02 	  7.967e-02 	
         4.867	  8.010e-02 	  7.966e-02 	
         4.901	  7.950e-02 	  7.967e-02 	
         4.935	  8.050e-02 	  7.965e-02 	
         4.968	  7.950e-02 	  7.958e-02 	
         5.001	  7.990e-02 	  7.959e-02 	
         5.035	  7.960e-02 	  7.955e-02 	
         5.067	  7.970e-02 	  7.953e-02 	
         5.101	  7.990e-02 	  7.951e-02 	
         5.135	  7.810e-02 	  7.948e-02 	
         5.167	  7.800e-02 	  7.944e-02 	
         5.201	  7.900e-02 	  7.942e-02 	
         5.235	  7.890e-02 	  7.941e-02 	
         5.267	  7.780e-02 	  7.937e-02 	
         5.301	  8.000e-02 	  7.937e-02 	
         5.335	  7.970e-02 	  7.938e-02 	
         5.367	  8.090e-02 	  7.939e-02 	
         5.401	  7.830e-02 	  7.936e-02 	
         5.435	  8.140e-02 	  7.938e-02 	
         5.467	  8.010e-02 	  7.937e-02 	
         5.501	  8.110e-02 	  7.936e-02 	
         5.535	  8.040e-02 	  7.936e-02 	
         5.567	  7.890e-02 	  7.936e-02 	
         5.601	  8.090e-02 	  7.938e-02 	
         5.635	  8.080e-02 	  7.942e-02 	
         5.667	  7.900e-02 	  7.942e-02 	
         5.701	  7.890e-02 	  7.943e-02 	
         5.735	  8.050e-02 	  7.945e-02 	
         5.767	  8.030e-02 	  7.947e-02 	
         5.801	  7.870e-02 	  7.946e-02 	
         5.835	  8.020e-02 	  7.946e-02 	
         5.867	  7.900e-02 	  7.944e-02 	
         5.901	  8.000e-02 	  7.945e-02 	
         5.935	  8.100e-02 	  7.949e-02 	
         5.967	  7.940e-02 	  7.948e-02 	
         6.001	  8.070e-02 	  7.949e-02 	
         6.035	  7.940e-02 	  7.949e-02 	
         6.067	  8.040e-02 	  7.952e-02 	
         6.101	  7.950e-02 	  7.952e-02 	
         6.135	  7.920e-02 	  7.951e-02 	
         6.167	  8.080e-02 	  7.953e-02 	
         6.201	  7.970e-02 	  7.952e-02 	
         6.235	  8.070e-02 	  7.955e-02 	
         6.267	  7.930e-02 	  7.956e-02 	
         6.301	  8.050e-02 	  7.956e-02 	
         6.335	  8.100e-02 	  7.957e-02 	
         6.367	  8.050e-02 	  7.959e-02 	
         6.401	  8.150e-02 	  7.962e-02 	
         6.435	  7.950e-02 	  7.963e-02 	
         6.467	  8.010e-02 	  7.965e-02 	
         6.501	  8.040e-02 	  7.968e-02 	
         6.539	  7.960e-02 	  7.970e-02 	
         6.567	  8.020e-02 	  7.971e-02 	
         6.601	  7.940e-02 	  7.970e-02 	
         6.635	  7.740e-02 	  7.965e-02 	
         6.667	  7.920e-02 	  7.965e-02 	
         6.701	  8.070e-02 	  7.965e-02 	
         6.735	  7.950e-02 	  7.965e-02 	
         6.767	  7.920e-02 	  7.966e-02 	
         6.801	  8.010e-02 	  7.966e-02 	
         6.835	  8.120e-02 	  7.969e-02 	
         6.867	  8.170e-02 	  7.973e-02 	
         6.901	  8.110e-02 	  7.974e-02 	
         6.935	  8.120e-02 	  7.977e-02 	
         6.967	  8.110e-02 	  7.980e-02 	
         7.001	  8.290e-02 	  7.984e-02 	
         7.035	  8.150e-02 	  7.985e-02 	
         7.067	  7.850e-02 	  7.982e-02 	
         7.103	  8.100e-02 	  7.980e-02 	
         7.135	  8.040e-02 	  7.980e-02 	
         7.167	  7.950e-02 	  7.980e-02 	
         7.201	  7.860e-02 	  7.980e-02 	
         7.235	  8.220e-02 	  7.982e-02 	
         7.267	  7.950e-02 	  7.980e-02 	
         7.301	  8.070e-02 	  7.982e-02 	
         7.335	  8.270e-02 	  7.988e-02 	
         7.367	  7.960e-02 	  7.988e-02 	
         7.401	  8.140e-02 	  7.991e-02 	
         7.435	  7.970e-02 	  7.990e-02 	
         7.467	  8.010e-02 	  7.994e-02 	
         7.501	  7.990e-02 	  7.994e-02 	
         7.535	  8.010e-02 	  7.995e-02 	
         7.567	  7.880e-02 	  7.993e-02 	
         7.601	  7.960e-02 	  7.995e-02 	
         7.635	  8.250e-02 	  7.998e-02 	
         7.667	  8.090e-02 	  7.999e-02 	
         7.701	  8.080e-02 	  8.002e-02 	
         7.735	  8.020e-02 	  8.004e-02 	
         7.767	  8.100e-02 	  8.006e-02 	
         7.801	  8.090e-02 	  8.006e-02 	
         7.835	  8.070e-02 	  8.007e-02 	
         7.867	  8.100e-02 	  8.010e-02 	
         7.901	  8.160e-02 	  8.012e-02 	
         7.935	  7.970e-02 	  8.012e-02 	
         7.967	  8.010e-02 	  8.012e-02 	
         8.001	  7.810e-02 	  8.010e-02 	
         8.035	  7.930e-02 	  8.010e-02 	
         8.067	  7.890e-02 	  8.009e-02 	
         8.101	  7.820e-02 	  8.007e-02 	
         8.135	  7.940e-02 	  8.007e-02 	
         8.167	  8.030e-02 	  8.009e-02 	
         8.201	  7.770e-02 	  8.009e-02 	
         8.235	  7.850e-02 	  8.008e-02 	
         8.267	  7.860e-02 	  8.008e-02 	
         8.301	  8.010e-02 	  8.010e-02 	
         8.335	  8.000e-02 	  8.010e-02 	
         8.367	  7.780e-02 	  8.008e-02 	
         8.401	  7.860e-02 	  8.006e-02 	
         8.435	  7.950e-02 	  8.007e-02 	
         8.467	  8.160e-02 	  8.007e-02 	
         8.501	  8.140e-02 	  8.009e-02 	
         8.535	  8.200e-02 	  8.010e-02 	
         8.567	  7.930e-02 	  8.009e-02 	
         8.601	  7.990e-02 	  8.010e-02 	
         8.635	  8.010e-02 	  8.009e-02 	
         8.667	  7.940e-02 	  8.007e-02 	
         8.701	  8.030e-02 	  8.009e-02 	
         8.735	  8.040e-02 	  8.010e-02 	
         8.767	  7.820e-02 	  8.008e-02 	
         8.801	  8.020e-02 	  8.008e-02 	
         8.835	  8.110e-02 	  8.010e-02 	
         8.867	  8.050e-02 	  8.011e-02 	
         8.901	  7.960e-02 	  8.011e-02 	
         8.935	  8.150e-02 	  8.013e-02 	
         8.967	  7.990e-02 	  8.012e-02 	
         9.001	  7.890e-02 	  8.011e-02 	
         9.035	  8.140e-02 	  8.012e-02 	
         9.067	  7.990e-02 	  8.013e-02 	
         9.101	  8.040e-02 	  8.013e-02 	
         9.135	  7.960e-02 	  8.013e-02 	
         9.167	  7.890e-02 	  8.012e-02 	
         9.201	  7.900e-02 	  8.010e-02 	
         9.235	  8.090e-02 	  8.012e-02 	
         9.267	  8.020e-02 	  8.011e-02 	
         9.301	  7.960e-02 	  8.011e-02 	
         9.335	  8.040e-02 	  8.011e-02 	
         9.367	  7.890e-02 	  8.009e-02 	
         9.401	  8.120e-02 	  8.010e-02 	
         9.435	  7.940e-02 	  8.007e-02 	
         9.467	  8.070e-02 	  8.009e-02 	
         9.501	  7.850e-02 	  8.007e-02 	
         9.535	  7.870e-02 	  8.005e-02 	
         9.567	  8.010e-02 	  8.006e-02 	
         9.601	  7.970e-02 	  8.005e-02 	
         9.635	  7.850e-02 	  8.004e-02 	
         9.667	  8.020e-02 	  8.007e-02 	
         9.701	  7.990e-02 	  8.008e-02 	
         9.735	  8.150e-02 	  8.009e-02 	
         9.767	  7.800e-02 	  8.007e-02 	
         9.801	  8.080e-02 	  8.009e-02 	
         9.835	  8.220e-02 	  8.011e-02 	
         9.867	  7.940e-02 	  8.009e-02 	
         9.901	  8.020e-02 	  8.008e-02 	
         9.935	  8.000e-02 	  8.006e-02 	
         9.967	  8.090e-02 	  8.006e-02 	
        10.001	  7.710e-02 	  8.002e-02 	
        10.035	  7.830e-02 	  7.997e-02 	
        10.067	  7.960e-02 	  7.995e-02 	
        10.101	  7.830e-02 	  7.994e-02 	
        10.135	  7.880e-02 	  7.992e-02 	
        10.167	  7.920e-02 	  7.991e-02 	
        10.201	  7.750e-02 	  7.988e-02 	
        10.235	  7.720e-02 	  7.987e-02 	
        10.267	  7.860e-02 	  7.983e-02 	
        10.301	  7.720e-02 	  7.980e-02 	
        10.334	  7.940e-02 	  7.979e-02 	
        10.367	  8.000e-02 	  7.976e-02 	
        10.401	  7.810e-02 	  7.974e-02 	
        10.435	  7.770e-02 	  7.970e-02 	
        10.467	  7.960e-02 	  7.970e-02 	
        10.501	  8.090e-02 	  7.971e-02 	
        10.535	  7.950e-02 	  7.971e-02 	
        10.567	  8.030e-02 	  7.971e-02 	
        10.601	  8.020e-02 	  7.972e-02 	
        10.635	  7.870e-02 	  7.971e-02 	
        10.666	  7.850e-02 	  7.967e-02 	
        10.700	  7.960e-02 	  7.966e-02 	
        10.735	  7.780e-02 	  7.962e-02 	
        10.767	  7.720e-02 	  7.959e-02 	
        10.801	  7.770e-02 	  7.955e-02 	
        10.835	  7.730e-02 	  7.951e-02 	
        10.867	  7.940e-02 	  7.950e-02 	
        10.901	  7.990e-02 	  7.949e-02 	
        10.935	  8.000e-02 	  7.947e-02 	
        10.967	  8.000e-02 	  7.947e-02 	
        11.001	  7.900e-02 	  7.946e-02 	
        11.035	  7.860e-02 	  7.947e-02 	
        11.067	  7.890e-02 	  7.946e-02 	
        11.101	  7.850e-02 	  7.946e-02 	
        11.135	  7.890e-02 	  7.947e-02 	
        11.167	  7.970e-02 	  7.947e-02 	
        11.201	  7.940e-02 	  7.946e-02 	
        11.234	  7.870e-02 	  7.947e-02 	
        11.266	  7.960e-02 	  7.948e-02 	
        11.301	  7.950e-02 	  7.949e-02 	
        11.334	  8.020e-02 	  7.949e-02 	
        11.366	  7.960e-02 	  7.949e-02 	
        11.401	  7.960e-02 	  7.951e-02 	
        11.435	  8.160e-02 	  7.954e-02 	
        11.466	  7.870e-02 	  7.953e-02 	
        11.501	  7.920e-02 	  7.951e-02 	
        11.535	  8.200e-02 	  7.951e-02 	
        11.566	  8.050e-02 	  7.950e-02 	
        11.600	  8.300e-02 	  7.954e-02 	
        11.635	  7.930e-02 	  7.953e-02 	
        11.666	  8.140e-02 	  7.955e-02 	
        11.700	  8.000e-02 	  7.955e-02 	
        11.734	  7.790e-02 	  7.953e-02 	
        11.767	  7.810e-02 	  7.950e-02 	
        11.801	  7.900e-02 	  7.951e-02 	
        11.834	  8.080e-02 	  7.952e-02 	
        11.867	  8.010e-02 	  7.950e-02 	
        11.901	  7.630e-02 	  7.946e-02 	
        11.934	  7.680e-02 	  7.943e-02 	
        11.967	  7.970e-02 	  7.941e-02 	
        12.000	  8.090e-02 	  7.942e-02 	
        12.034	  7.820e-02 	  7.941e-02 	
        12.066	  7.960e-02 	  7.939e-02 	
        12.101	  8.050e-02 	  7.940e-02 	
        12.135	  8.030e-02 	  7.940e-02 	
        12.166	  8.110e-02 	  7.941e-02 	
        12.200	  7.960e-02 	  7.942e-02 	
        12.235	  7.850e-02 	  7.942e-02 	
        12.266	  8.000e-02 	  7.941e-02 	
        12.300	  7.930e-02 	  7.940e-02 	
        12.335	  7.650e-02 	  7.936e-02 	
        12.370	  7.900e-02 	  7.935e-02 	
        12.400	  8.010e-02 	  7.936e-02 	
        12.434	  8.080e-02 	  7.935e-02 	
        12.466	  7.960e-02 	  7.936e-02 	
        12.500	  8.110e-02 	  7.936e-02 	
        12.534	  8.010e-02 	  7.938e-02 	
        12.566	  7.870e-02 	  7.938e-02 	
        12.600	  8.070e-02 	  7.939e-02 	
        12.635	  7.970e-02 	  7.939e-02 	
        12.666	  8.030e-02 	  7.941e-02 	
        12.700	  8.120e-02 	  7.942e-02 	
        12.734	  7.800e-02 	  7.940e-02 	
        12.766	  7.730e-02 	  7.935e-02 	
        12.800	  7.860e-02 	  7.936e-02 	
        12.834	  7.940e-02 	  7.934e-02 	
        12.867	  7.940e-02 	  7.931e-02 	
        12.900	  8.190e-02 	  7.934e-02 	
        12.934	  7.950e-02 	  7.933e-02 	
        12.966	  8.070e-02 	  7.934e-02 	
        13.000	  7.960e-02 	  7.932e-02 	
        13.034	  7.900e-02 	  7.934e-02 	
        13.066	  8.050e-02 	  7.937e-02 	
        13.100	  8.000e-02 	  7.937e-02 	
        13.134	  7.960e-02 	  7.939e-02 	
        13.166	  8.070e-02 	  7.941e-02 	
        13.200	  8.200e-02 	  7.944e-02 	
        13.234	  7.830e-02 	  7.945e-02 	
        13.266	  7.930e-02 	  7.947e-02 	
        13.300	  7.920e-02 	  7.948e-02 	
        13.334	  7.970e-02 	  7.950e-02 	
        13.366	  8.000e-02 	  7.951e-02 	
        13.400	  7.740e-02 	  7.948e-02 	
        13.434	  7.730e-02 	  7.947e-02 	
        13.466	  7.920e-02 	  7.949e-02 	
        13.500	  7.850e-02 	  7.948e-02 	
        13.534	  7.740e-02 	  7.944e-02 	
        13.566	  8.030e-02 	  7.945e-02 	
        13.600	  7.990e-02 	  7.944e-02 	
        13.635	  7.940e-02 	  7.944e-02 	
        13.666	  7.890e-02 	  7.944e-02 	
        13.700	  7.870e-02 	  7.944e-02 	
        13.734	  7.950e-02 	  7.944e-02 	
        13.766	  8.030e-02 	  7.947e-02 	
        13.800	  8.030e-02 	  7.950e-02 	
        13.834	  7.970e-02 	  7.952e-02 	
        13.866	  8.160e-02 	  7.957e-02 	
        13.900	  7.960e-02 	  7.957e-02 	
        13.934	  7.830e-02 	  7.955e-02 	
        13.966	  7.930e-02 	  7.955e-02 	
        14.000	  7.950e-02 	  7.954e-02 	
        14.034	  7.890e-02 	  7.954e-02 	
        14.066	  8.070e-02 	  7.956e-02 	
        14.100	  7.900e-02 	  7.956e-02 	
        14.134	  7.920e-02 	  7.957e-02 	
        14.166	  8.100e-02 	  7.959e-02 	
        14.200	  8.050e-02 	  7.960e-02 	
        14.234	  7.950e-02 	  7.960e-02 	
        14.266	  7.960e-02 	  7.961e-02 	
        14.300	  7.920e-02 	  7.961e-02 	
        14.334	  7.960e-02 	  7.961e-02 	
        14.366	  8.100e-02 	  7.962e-02 	
        14.400	  8.180e-02 	  7.964e-02 	
        14.434	  8.020e-02 	  7.965e-02 	
        14.466	  7.940e-02 	  7.963e-02 	
        14.500	  8.160e-02 	  7.966e-02 	
        14.534	  8.000e-02 	  7.967e-02 	
        14.566	  8.030e-02 	  7.965e-02 	
        14.600	  8.010e-02 	  7.964e-02 	
        14.634	  7.860e-02 	  7.960e-02 	
        14.666	  7.990e-02 	  7.960e-02 	
        14.700	  7.900e-02 	  7.958e-02 	
        14.734	  8.090e-02 	  7.959e-02 	
        14.771	  8.070e-02 	  7.963e-02 	
        14.800	  8.110e-02 	  7.965e-02 	
        14.832	  8.020e-02 	  7.966e-02 	
        14.866	  7.920e-02 	  7.965e-02 	
        14.900	  8.000e-02 	  7.964e-02 	
        14.932	  7.750e-02 	  7.966e-02 	
        14.966	  8.050e-02 	  7.970e-02 	
        15.000	  8.120e-02 	  7.971e-02 	
        15.032	  8.030e-02 	  7.971e-02 	
        15.066	  7.830e-02 	  7.971e-02 	
        15.100	  8.110e-02 	  7.973e-02 	
        15.134	  7.770e-02 	  7.969e-02 	
        15.166	  7.780e-02 	  7.967e-02 	
        15.200	  7.880e-02 	  7.964e-02 	
        15.232	  7.730e-02 	  7.962e-02 	
        15.266	  7.920e-02 	  7.962e-02 	
        15.300	  7.890e-02 	  7.961e-02 	
        15.332	  7.960e-02 	  7.962e-02 	
        15.366	  7.750e-02 	  7.963e-02 	
        15.400	  7.970e-02 	  7.963e-02 	
        15.432	  7.860e-02 	  7.962e-02 	
        15.466	  8.140e-02 	  7.962e-02 	
        15.500	  8.000e-02 	  7.963e-02 	
        15.532	  8.040e-02 	  7.962e-02 	
        15.566	  8.020e-02 	  7.962e-02 	
        15.600	  7.880e-02 	  7.962e-02 	
        15.632	  8.120e-02 	  7.963e-02 	
        15.666	  8.290e-02 	  7.966e-02 	
        15.700	  8.040e-02 	  7.966e-02 	
        15.732	  8.040e-02 	  7.966e-02 	
        15.766	  7.880e-02 	  7.966e-02 	
        15.804	  7.900e-02 	  7.970e-02 	
        15.832	  8.010e-02 	  7.970e-02 	
        15.866	  8.260e-02 	  7.974e-02 	
        15.900	  8.010e-02 	  7.974e-02 	
        15.932	  7.990e-02 	  7.972e-02 	
        15.966	  8.070e-02 	  7.973e-02 	
        16.000	  7.960e-02 	  7.972e-02 	
        16.032	  7.810e-02 	  7.971e-02 	
        16.066	  7.990e-02 	  7.972e-02 	
        16.100	  7.850e-02 	  7.969e-02 	
        16.132	  8.100e-02 	  7.970e-02 	
        16.166	  7.770e-02 	  7.968e-02 	
        16.200	  7.730e-02 	  7.965e-02 	
        16.232	  7.800e-02 	  7.960e-02 	
        16.266	  8.020e-02 	  7.962e-02 	
        16.300	  8.070e-02 	  7.964e-02 	
        16.332	  8.020e-02 	  7.965e-02 	
        16.366	  7.940e-02 	  7.965e-02 	
        16.400	  8.160e-02 	  7.966e-02 	
        16.432	  8.000e-02 	  7.969e-02 	
        16.466	  8.140e-02 	  7.974e-02 	
        16.500	  8.040e-02 	  7.975e-02 	
        16.532	  7.950e-02 	  7.976e-02 	
        16.566	  7.990e-02 	  7.979e-02 	
        16.600	  7.940e-02 	  7.978e-02 	
        16.632	  8.150e-02 	  7.980e-02 	
        16.666	  7.830e-02 	  7.978e-02 	
        16.700	  7.950e-02 	  7.979e-02 	
        16.732	  7.950e-02 	  7.980e-02 	
        16.766	  8.090e-02 	  7.982e-02 	
        16.800	  8.140e-02 	  7.983e-02 	
        16.834	  8.030e-02 	  7.983e-02 	
        16.866	  7.930e-02 	  7.982e-02 	
        16.900	  8.040e-02 	  7.981e-02 	
        16.932	  8.110e-02 	  7.983e-02 	
        16.966	  8.200e-02 	  7.987e-02 	
        17.000	  8.160e-02 	  7.989e-02 	
        17.033	  7.990e-02 	  7.990e-02 	
        17.066	  7.950e-02 	  7.990e-02 	
        17.100	  8.040e-02 	  7.990e-02 	
        17.132	  8.070e-02 	  7.992e-02 	
        17.166	  8.020e-02 	  7.993e-02 	
        17.200	  8.330e-02 	  7.995e-02 	
        17.232	  8.000e-02 	  7.995e-02 	
        17.266	  8.090e-02 	  7.996e-02 	
        17.300	  8.200e-02 	  7.999e-02 	
        17.332	  8.190e-02 	  8.002e-02 	
        17.366	  8.230e-02 	  8.005e-02 	
        17.400	  8.050e-02 	  8.005e-02 	
        17.432	  7.930e-02 	  8.002e-02 	
        17.466	  8.070e-02 	  8.002e-02 	
        17.500	  8.160e-02 	  8.005e-02 	
        17.532	  8.020e-02 	  8.003e-02 	
        17.566	  7.960e-02 	  8.003e-02 	
        17.600	  8.180e-02 	  8.004e-02 	
        17.632	  8.160e-02 	  8.006e-02 	
        17.666	  8.070e-02 	  8.008e-02 	
        17.700	  8.070e-02 	  8.009e-02 	
        17.732	  8.040e-02 	  8.011e-02 	
        17.766	  7.860e-02 	  8.008e-02 	
        17.800	  7.970e-02 	  8.007e-02 	
        17.832	  7.930e-02 	  8.005e-02 	
        17.866	  7.900e-02 	  8.004e-02 	
        17.900	  8.110e-02 	  8.006e-02 	
        17.932	  8.270e-02 	  8.009e-02 	
        17.966	  8.090e-02 	  8.013e-02 	
        18.000	  8.020e-02 	  8.012e-02 	
        18.032	  8.000e-02 	  8.011e-02 	
        18.066	  8.090e-02 	  8.012e-02 	
        18.100	  8.090e-02 	  8.015e-02 	
        18.132	  8.090e-02 	  8.014e-02 	
        18.166	  8.040e-02 	  8.017e-02 	
        18.200	  8.030e-02 	  8.020e-02 	
        18.232	  8.120e-02 	  8.023e-02 	
        18.266	  8.330e-02 	  8.029e-02 	
        18.300	  8.110e-02 	  8.031e-02 	
        18.332	  8.090e-02 	  8.034e-02 	
        18.366	  8.080e-02 	  8.035e-02 	
        18.400	  8.020e-02 	  8.038e-02 	
        18.432	  8.070e-02 	  8.039e-02 	
        18.466	  7.930e-02 	  8.040e-02 	
        18.500	  8.120e-02 	  8.039e-02 	
        18.532	  8.090e-02 	  8.040e-02 	
        18.566	  7.940e-02 	  8.039e-02 	
        18.600	  7.810e-02 	  8.037e-02 	
        18.632	  7.790e-02 	  8.036e-02 	
        18.666	  7.960e-02 	  8.034e-02 	
        18.700	  7.940e-02 	  8.030e-02 	
        18.732	  7.800e-02 	  8.028e-02 	
        18.766	  7.830e-02 	  8.025e-02 	
        18.800	  7.970e-02 	  8.026e-02 	
        18.832	  7.950e-02 	  8.027e-02 	
        18.867	  7.880e-02 	  8.023e-02 	
        18.901	  7.990e-02 	  8.023e-02 	
        18.933	  7.950e-02 	  8.022e-02 	
        18.967	  7.950e-02 	  8.021e-02 	
        19.001	  8.100e-02 	  8.023e-02 	
        19.034	  7.870e-02 	  8.023e-02 	
        19.067	  7.800e-02 	  8.021e-02 	
        19.101	  8.030e-02 	  8.023e-02 	
        19.133	  7.820e-02 	  8.020e-02 	
        19.167	  7.920e-02 	  8.022e-02 	
        19.201	  8.070e-02 	  8.025e-02 	
        19.237	  7.730e-02 	  8.025e-02 	
        19.267	  8.070e-02 	  8.025e-02 	
        19.301	  8.080e-02 	  8.025e-02 	
        19.333	  7.990e-02 	  8.025e-02 	
        19.367	  8.220e-02 	  8.028e-02 	
        19.401	  8.020e-02 	  8.027e-02 	
        19.433	  8.140e-02 	  8.028e-02 	
        19.467	  8.000e-02 	  8.027e-02 	
        19.501	  8.140e-02 	  8.028e-02 	
        19.533	  8.020e-02 	  8.028e-02 	
        19.567	  8.090e-02 	  8.030e-02 	
        19.601	  8.080e-02 	  8.031e-02 	
        19.633	  8.050e-02 	  8.030e-02 	
        19.667	  7.990e-02 	  8.032e-02 	
        19.701	  8.010e-02 	  8.032e-02 	
        19.733	  8.040e-02 	  8.033e-02 	
        19.767	  8.000e-02 	  8.032e-02 	
        19.801	  7.940e-02 	  8.030e-02 	
        19.833	  8.120e-02 	  8.031e-02 	
        19.867	  8.000e-02 	  8.032e-02 	
        19.901	  8.030e-02 	  8.032e-02 	
        19.933	  7.830e-02 	  8.029e-02 	
        19.967	  8.090e-02 	  8.028e-02 	
        20.001	  8.000e-02 	  8.026e-02 	
        20.033	  8.070e-02 	  8.026e-02 	
        20.067	  8.290e-02 	  8.030e-02 	
        20.101	  8.110e-02 	  8.031e-02 	
        20.133	  7.990e-02 	  8.030e-02 	
        20.167	  7.960e-02 	  8.030e-02 	
        20.201	  8.180e-02 	  8.028e-02 	
        20.233	  8.080e-02 	  8.029e-02 	
        20.267	  8.050e-02 	  8.028e-02 	
        20.302	  8.160e-02 	  8.028e-02 	
        20.333	  7.960e-02 	  8.025e-02 	
        20.367	  8.010e-02 	  8.023e-02 	
        20.401	  8.030e-02 	  8.023e-02 	
        20.433	  7.990e-02 	  8.023e-02 	
        20.467	  7.960e-02 	  8.022e-02 	
