;PC Software:StarLab Version 3.72 Build 3
! ******* Warning: Do not modify this file. Changes may prevent   ********
! ******* the StarLab Log reader from opening the file correctly. ********
;Logged:26/05/2023 at 18:03:10
;File Version:5
;Time Resolution:1 microseconds
;Log Settings:Stop after:period: 00:05:00
;Graph Mode:Merge
;Graph Type:Line
;Notes:                                                            

;Channel A:Vega Pyroelectric PE50BF-DFH-C (s/n:3058255)  VG2.54 (s/n:999999)

;Channel A:Details
;Name:PE50BF-DFH-C
;Graph Color:RGB(14,104,168)
;Units:J
;Settings:Measuring:Energy
;Settings:Wavelength:532
;Settings:Range:200mJ
;Settings:Diffuser:N/A
;Settings:Pulse Width:1.0ms
;Settings:Threshold:Min
;Functions:Average:3 sec

;Channel A:Statistics
;Min:74.00mJ             
;Max:78.30mJ             
;Average:75.34mJ             
;Std.Dev.:609.9uJ             
;Overrange:0                   
;Total Pulses:788                 
;--------------------


;First Pulse Arrived : 26/05/2023 at 18:03:10
  Timestamp   	  Channel A  	  F(A)       	
         0.000	  7.830e-02 	  7.830e-02 	
         0.034	  7.610e-02 	  7.720e-02 	
         0.066	  7.670e-02 	  7.703e-02 	
         0.100	  7.660e-02 	  7.692e-02 	
         0.134	  7.900e-02 	  7.734e-02 	
         0.166	  7.670e-02 	  7.723e-02 	
         0.200	  7.480e-02 	  7.689e-02 	
         0.234	  7.660e-02 	  7.685e-02 	
         0.266	  7.770e-02 	  7.694e-02 	
         0.300	  7.720e-02 	  7.697e-02 	
         0.334	  7.590e-02 	  7.687e-02 	
         0.366	  7.670e-02 	  7.686e-02 	
         0.400	  7.550e-02 	  7.675e-02 	
         0.434	  7.580e-02 	  7.669e-02 	
         0.468	  7.590e-02 	  7.663e-02 	
         0.500	  7.740e-02 	  7.668e-02 	
         0.534	  7.610e-02 	  7.665e-02 	
         0.566	  7.490e-02 	  7.655e-02 	
         0.600	  7.580e-02 	  7.651e-02 	
         0.634	  7.550e-02 	  7.646e-02 	
         0.666	  7.640e-02 	  7.646e-02 	
         0.700	  7.720e-02 	  7.649e-02 	
         0.734	  7.600e-02 	  7.647e-02 	
         0.766	  7.870e-02 	  7.656e-02 	
         0.800	  7.650e-02 	  7.656e-02 	
         0.834	  7.730e-02 	  7.659e-02 	
         0.866	  7.430e-02 	  7.650e-02 	
         0.900	  7.740e-02 	  7.654e-02 	
         0.934	  7.930e-02 	  7.663e-02 	
         0.966	  7.730e-02 	  7.665e-02 	
         1.000	  7.670e-02 	  7.665e-02 	
         1.034	  7.230e-02 	  7.652e-02 	
         1.066	  7.780e-02 	  7.656e-02 	
         1.100	  7.650e-02 	  7.656e-02 	
         1.134	  7.700e-02 	  7.657e-02 	
         1.166	  7.560e-02 	  7.654e-02 	
         1.200	  7.770e-02 	  7.657e-02 	
         1.234	  7.680e-02 	  7.658e-02 	
         1.266	  7.480e-02 	  7.653e-02 	
         1.300	  7.590e-02 	  7.652e-02 	
         1.334	  7.580e-02 	  7.650e-02 	
         1.366	  7.520e-02 	  7.647e-02 	
         1.400	  7.440e-02 	  7.642e-02 	
         1.434	  7.430e-02 	  7.637e-02 	
         1.468	  7.480e-02 	  7.634e-02 	
         1.500	  7.530e-02 	  7.632e-02 	
         1.534	  7.590e-02 	  7.631e-02 	
         1.566	  7.890e-02 	  7.636e-02 	
         1.601	  7.800e-02 	  7.639e-02 	
         1.634	  7.950e-02 	  7.646e-02 	
         1.667	  7.870e-02 	  7.650e-02 	
         1.701	  7.740e-02 	  7.652e-02 	
         1.735	  7.530e-02 	  7.649e-02 	
         1.767	  7.930e-02 	  7.655e-02 	
         1.801	  7.580e-02 	  7.653e-02 	
         1.835	  7.410e-02 	  7.649e-02 	
         1.867	  7.560e-02 	  7.647e-02 	
         1.901	  7.400e-02 	  7.643e-02 	
         1.935	  7.560e-02 	  7.642e-02 	
         1.966	  7.810e-02 	  7.644e-02 	
         2.001	  7.500e-02 	  7.642e-02 	
         2.035	  7.380e-02 	  7.638e-02 	
         2.067	  7.820e-02 	  7.641e-02 	
         2.101	  7.350e-02 	  7.636e-02 	
         2.135	  7.440e-02 	  7.633e-02 	
         2.167	  7.590e-02 	  7.633e-02 	
         2.201	  7.330e-02 	  7.628e-02 	
         2.235	  7.420e-02 	  7.625e-02 	
         2.267	  7.360e-02 	  7.621e-02 	
         2.301	  7.360e-02 	  7.617e-02 	
         2.334	  7.300e-02 	  7.613e-02 	
         2.367	  7.430e-02 	  7.610e-02 	
         2.401	  7.650e-02 	  7.611e-02 	
         2.435	  7.400e-02 	  7.608e-02 	
         2.469	  7.450e-02 	  7.606e-02 	
         2.501	  7.130e-02 	  7.600e-02 	
         2.535	  7.180e-02 	  7.594e-02 	
         2.567	  7.440e-02 	  7.592e-02 	
         2.601	  7.340e-02 	  7.589e-02 	
         2.635	  7.350e-02 	  7.586e-02 	
         2.666	  7.260e-02 	  7.582e-02 	
         2.701	  7.520e-02 	  7.581e-02 	
         2.734	  7.410e-02 	  7.579e-02 	
         2.767	  7.440e-02 	  7.578e-02 	
         2.801	  7.290e-02 	  7.574e-02 	
         2.834	  7.420e-02 	  7.572e-02 	
         2.866	  7.510e-02 	  7.572e-02 	
         2.901	  7.590e-02 	  7.572e-02 	
         2.935	  7.410e-02 	  7.570e-02 	
         2.966	  7.680e-02 	  7.571e-02 	
         3.000	  7.550e-02 	  7.571e-02 	
         3.035	  7.680e-02 	  7.569e-02 	
         3.066	  7.530e-02 	  7.569e-02 	
         3.100	  7.560e-02 	  7.567e-02 	
         3.135	  7.340e-02 	  7.560e-02 	
         3.166	  7.510e-02 	  7.560e-02 	
         3.201	  7.370e-02 	  7.557e-02 	
         3.235	  7.160e-02 	  7.552e-02 	
         3.267	  7.440e-02 	  7.548e-02 	
         3.300	  7.580e-02 	  7.548e-02 	
         3.334	  7.370e-02 	  7.544e-02 	
         3.366	  7.410e-02 	  7.542e-02 	
         3.401	  7.230e-02 	  7.537e-02 	
         3.435	  7.490e-02 	  7.536e-02 	
         3.469	  7.190e-02 	  7.532e-02 	
         3.500	  7.230e-02 	  7.529e-02 	
         3.534	  7.500e-02 	  7.526e-02 	
         3.567	  7.450e-02 	  7.525e-02 	
         3.601	  7.200e-02 	  7.520e-02 	
         3.634	  7.550e-02 	  7.521e-02 	
         3.666	  7.870e-02 	  7.524e-02 	
         3.700	  7.520e-02 	  7.523e-02 	
         3.734	  7.580e-02 	  7.521e-02 	
         3.766	  7.200e-02 	  7.517e-02 	
         3.800	  7.520e-02 	  7.513e-02 	
         3.834	  7.410e-02 	  7.511e-02 	
         3.866	  7.630e-02 	  7.509e-02 	
         3.900	  7.580e-02 	  7.511e-02 	
         3.936	  7.670e-02 	  7.506e-02 	
         3.966	  7.780e-02 	  7.509e-02 	
         4.000	  7.290e-02 	  7.504e-02 	
         4.034	  7.810e-02 	  7.505e-02 	
         4.066	  7.730e-02 	  7.511e-02 	
         4.100	  7.520e-02 	  7.508e-02 	
         4.134	  7.550e-02 	  7.507e-02 	
         4.166	  7.510e-02 	  7.505e-02 	
         4.200	  7.440e-02 	  7.504e-02 	
         4.234	  7.710e-02 	  7.503e-02 	
         4.266	  7.450e-02 	  7.500e-02 	
         4.300	  7.750e-02 	  7.503e-02 	
         4.334	  7.550e-02 	  7.503e-02 	
         4.366	  7.450e-02 	  7.501e-02 	
         4.400	  7.380e-02 	  7.500e-02 	
         4.435	  7.710e-02 	  7.504e-02 	
         4.468	  7.630e-02 	  7.505e-02 	
         4.500	  7.550e-02 	  7.506e-02 	
         4.534	  7.700e-02 	  7.508e-02 	
         4.566	  7.650e-02 	  7.508e-02 	
         4.601	  7.820e-02 	  7.508e-02 	
         4.634	  7.640e-02 	  7.506e-02 	
         4.666	  7.510e-02 	  7.501e-02 	
         4.700	  7.770e-02 	  7.500e-02 	
         4.734	  7.700e-02 	  7.499e-02 	
         4.766	  7.900e-02 	  7.504e-02 	
         4.800	  7.510e-02 	  7.499e-02 	
         4.834	  7.740e-02 	  7.501e-02 	
         4.866	  7.430e-02 	  7.501e-02 	
         4.900	  7.410e-02 	  7.499e-02 	
         4.935	  7.730e-02 	  7.503e-02 	
         4.966	  7.730e-02 	  7.505e-02 	
         5.000	  7.700e-02 	  7.504e-02 	
         5.034	  7.550e-02 	  7.504e-02 	
         5.066	  7.660e-02 	  7.507e-02 	
         5.101	  7.730e-02 	  7.506e-02 	
         5.134	  7.750e-02 	  7.511e-02 	
         5.166	  7.610e-02 	  7.512e-02 	
         5.200	  7.510e-02 	  7.512e-02 	
         5.234	  7.670e-02 	  7.515e-02 	
         5.266	  7.680e-02 	  7.518e-02 	
         5.300	  7.610e-02 	  7.521e-02 	
         5.334	  7.420e-02 	  7.522e-02 	
         5.366	  7.360e-02 	  7.522e-02 	
         5.400	  7.350e-02 	  7.521e-02 	
         5.434	  7.130e-02 	  7.516e-02 	
         5.468	  7.310e-02 	  7.515e-02 	
         5.500	  7.520e-02 	  7.515e-02 	
         5.534	  7.400e-02 	  7.518e-02 	
         5.566	  7.650e-02 	  7.524e-02 	
         5.600	  7.330e-02 	  7.522e-02 	
         5.634	  7.590e-02 	  7.525e-02 	
         5.666	  7.550e-02 	  7.527e-02 	
         5.700	  7.290e-02 	  7.528e-02 	
         5.734	  7.450e-02 	  7.527e-02 	
         5.766	  7.510e-02 	  7.528e-02 	
         5.800	  7.460e-02 	  7.528e-02 	
         5.834	  7.120e-02 	  7.526e-02 	
         5.866	  7.270e-02 	  7.525e-02 	
         5.900	  7.560e-02 	  7.525e-02 	
         5.935	  7.530e-02 	  7.525e-02 	
         5.966	  7.090e-02 	  7.521e-02 	
         6.000	  6.970e-02 	  7.513e-02 	
         6.034	  7.150e-02 	  7.509e-02 	
         6.066	  7.340e-02 	  7.505e-02 	
         6.100	  7.340e-02 	  7.503e-02 	
         6.134	  7.300e-02 	  7.500e-02 	
         6.166	  7.240e-02 	  7.499e-02 	
         6.200	  7.120e-02 	  7.495e-02 	
         6.234	  7.450e-02 	  7.496e-02 	
         6.266	  7.680e-02 	  7.501e-02 	
         6.300	  7.110e-02 	  7.498e-02 	
         6.334	  7.460e-02 	  7.496e-02 	
         6.366	  7.190e-02 	  7.494e-02 	
         6.400	  7.240e-02 	  7.493e-02 	
         6.434	  7.590e-02 	  7.496e-02 	
         6.468	  7.290e-02 	  7.494e-02 	
         6.500	  7.580e-02 	  7.499e-02 	
         6.534	  7.360e-02 	  7.500e-02 	
         6.566	  7.410e-02 	  7.499e-02 	
         6.600	  7.630e-02 	  7.501e-02 	
         6.634	  7.140e-02 	  7.500e-02 	
         6.666	  7.290e-02 	  7.497e-02 	
         6.700	  7.430e-02 	  7.493e-02 	
         6.734	  7.530e-02 	  7.493e-02 	
         6.767	  7.400e-02 	  7.494e-02 	
         6.800	  7.610e-02 	  7.495e-02 	
         6.834	  7.650e-02 	  7.497e-02 	
         6.866	  7.550e-02 	  7.498e-02 	
         6.900	  7.510e-02 	  7.497e-02 	
         6.934	  7.700e-02 	  7.498e-02 	
         6.966	  7.440e-02 	  7.496e-02 	
         7.000	  7.730e-02 	  7.495e-02 	
         7.034	  7.590e-02 	  7.498e-02 	
         7.066	  7.730e-02 	  7.498e-02 	
         7.100	  7.440e-02 	  7.494e-02 	
         7.134	  7.610e-02 	  7.495e-02 	
         7.166	  7.670e-02 	  7.497e-02 	
         7.200	  7.670e-02 	  7.498e-02 	
         7.234	  7.730e-02 	  7.502e-02 	
         7.266	  7.610e-02 	  7.501e-02 	
         7.300	  7.610e-02 	  7.502e-02 	
         7.334	  7.490e-02 	  7.499e-02 	
         7.366	  7.630e-02 	  7.500e-02 	
         7.400	  7.280e-02 	  7.498e-02 	
         7.434	  7.380e-02 	  7.498e-02 	
         7.468	  7.450e-02 	  7.496e-02 	
         7.500	  7.530e-02 	  7.495e-02 	
         7.534	  7.280e-02 	  7.492e-02 	
         7.566	  7.290e-02 	  7.487e-02 	
         7.600	  7.380e-02 	  7.484e-02 	
         7.634	  7.430e-02 	  7.480e-02 	
         7.666	  7.550e-02 	  7.479e-02 	
         7.700	  7.510e-02 	  7.479e-02 	
         7.734	  7.310e-02 	  7.474e-02 	
         7.767	  7.590e-02 	  7.468e-02 	
         7.800	  7.720e-02 	  7.471e-02 	
         7.834	  7.710e-02 	  7.473e-02 	
         7.866	  7.730e-02 	  7.473e-02 	
         7.901	  7.630e-02 	  7.476e-02 	
         7.935	  7.450e-02 	  7.475e-02 	
         7.966	  7.670e-02 	  7.475e-02 	
         8.000	  7.550e-02 	  7.473e-02 	
         8.034	  7.630e-02 	  7.472e-02 	
         8.066	  7.750e-02 	  7.474e-02 	
         8.100	  7.590e-02 	  7.473e-02 	
         8.134	  7.490e-02 	  7.471e-02 	
         8.166	  7.790e-02 	  7.471e-02 	
         8.200	  7.590e-02 	  7.471e-02 	
         8.234	  7.580e-02 	  7.472e-02 	
         8.266	  7.400e-02 	  7.469e-02 	
         8.300	  7.520e-02 	  7.467e-02 	
         8.334	  7.570e-02 	  7.466e-02 	
         8.366	  7.550e-02 	  7.468e-02 	
         8.400	  7.200e-02 	  7.466e-02 	
         8.434	  7.660e-02 	  7.470e-02 	
         8.468	  7.380e-02 	  7.472e-02 	
         8.500	  7.490e-02 	  7.474e-02 	
         8.534	  7.410e-02 	  7.473e-02 	
         8.566	  7.460e-02 	  7.474e-02 	
         8.600	  7.600e-02 	  7.473e-02 	
         8.634	  7.770e-02 	  7.478e-02 	
         8.666	  7.660e-02 	  7.479e-02 	
         8.700	  7.670e-02 	  7.480e-02 	
         8.734	  7.580e-02 	  7.483e-02 	
         8.766	  7.580e-02 	  7.485e-02 	
         8.800	  7.530e-02 	  7.485e-02 	
         8.834	  7.930e-02 	  7.490e-02 	
         8.866	  7.610e-02 	  7.495e-02 	
         8.900	  7.630e-02 	  7.499e-02 	
         8.934	  7.830e-02 	  7.502e-02 	
         8.966	  7.600e-02 	  7.503e-02 	
         9.000	  7.780e-02 	  7.511e-02 	
         9.034	  7.720e-02 	  7.519e-02 	
         9.066	  7.670e-02 	  7.525e-02 	
         9.100	  7.310e-02 	  7.524e-02 	
         9.134	  7.610e-02 	  7.527e-02 	
         9.166	  7.750e-02 	  7.532e-02 	
         9.200	  7.630e-02 	  7.537e-02 	
         9.234	  7.610e-02 	  7.542e-02 	
         9.266	  7.570e-02 	  7.543e-02 	
         9.300	  7.510e-02 	  7.541e-02 	
         9.334	  7.570e-02 	  7.546e-02 	
         9.366	  7.730e-02 	  7.549e-02 	
         9.400	  7.550e-02 	  7.553e-02 	
         9.434	  7.590e-02 	  7.557e-02 	
         9.468	  7.730e-02 	  7.559e-02 	
         9.500	  7.660e-02 	  7.563e-02 	
         9.534	  7.510e-02 	  7.562e-02 	
         9.566	  7.770e-02 	  7.567e-02 	
         9.600	  7.480e-02 	  7.567e-02 	
         9.634	  7.600e-02 	  7.567e-02 	
         9.666	  7.500e-02 	  7.571e-02 	
         9.700	  7.360e-02 	  7.572e-02 	
         9.734	  7.610e-02 	  7.574e-02 	
         9.767	  7.740e-02 	  7.576e-02 	
         9.800	  7.450e-02 	  7.577e-02 	
         9.834	  7.610e-02 	  7.577e-02 	
         9.866	  7.740e-02 	  7.578e-02 	
         9.900	  7.720e-02 	  7.579e-02 	
         9.934	  7.820e-02 	  7.583e-02 	
         9.966	  7.810e-02 	  7.584e-02 	
        10.000	  7.750e-02 	  7.587e-02 	
        10.034	  7.890e-02 	  7.589e-02 	
        10.066	  7.460e-02 	  7.588e-02 	
        10.100	  7.630e-02 	  7.587e-02 	
        10.134	  7.770e-02 	  7.590e-02 	
        10.166	  7.550e-02 	  7.590e-02 	
        10.201	  7.700e-02 	  7.589e-02 	
        10.234	  7.640e-02 	  7.590e-02 	
        10.266	  7.670e-02 	  7.589e-02 	
        10.300	  7.520e-02 	  7.588e-02 	
        10.334	  7.630e-02 	  7.588e-02 	
        10.366	  7.610e-02 	  7.590e-02 	
        10.400	  7.150e-02 	  7.584e-02 	
        10.434	  7.460e-02 	  7.586e-02 	
        10.468	  7.530e-02 	  7.588e-02 	
        10.500	  7.290e-02 	  7.586e-02 	
        10.534	  7.500e-02 	  7.586e-02 	
        10.566	  7.360e-02 	  7.587e-02 	
        10.600	  7.650e-02 	  7.591e-02 	
        10.634	  7.570e-02 	  7.593e-02 	
        10.666	  7.410e-02 	  7.593e-02 	
        10.700	  7.430e-02 	  7.591e-02 	
        10.734	  7.750e-02 	  7.594e-02 	
        10.766	  7.530e-02 	  7.596e-02 	
        10.800	  7.510e-02 	  7.595e-02 	
        10.834	  7.530e-02 	  7.593e-02 	
        10.866	  7.610e-02 	  7.592e-02 	
        10.900	  7.380e-02 	  7.588e-02 	
        10.934	  7.900e-02 	  7.591e-02 	
        10.966	  7.850e-02 	  7.596e-02 	
        11.000	  7.570e-02 	  7.595e-02 	
        11.034	  7.730e-02 	  7.597e-02 	
        11.066	  7.850e-02 	  7.599e-02 	
        11.100	  7.950e-02 	  7.601e-02 	
        11.134	  7.740e-02 	  7.603e-02 	
        11.166	  7.350e-02 	  7.601e-02 	
        11.200	  7.630e-02 	  7.600e-02 	
        11.234	  7.560e-02 	  7.599e-02 	
        11.266	  7.550e-02 	  7.599e-02 	
        11.300	  7.640e-02 	  7.602e-02 	
        11.334	  7.210e-02 	  7.598e-02 	
        11.366	  7.270e-02 	  7.595e-02 	
        11.400	  7.310e-02 	  7.592e-02 	
        11.435	  7.490e-02 	  7.595e-02 	
        11.468	  7.350e-02 	  7.592e-02 	
        11.500	  7.460e-02 	  7.593e-02 	
        11.534	  7.180e-02 	  7.589e-02 	
        11.568	  7.150e-02 	  7.588e-02 	
        11.600	  7.450e-02 	  7.586e-02 	
        11.634	  7.680e-02 	  7.587e-02 	
        11.666	  7.500e-02 	  7.584e-02 	
        11.700	  7.430e-02 	  7.582e-02 	
        11.734	  7.550e-02 	  7.581e-02 	
        11.766	  7.740e-02 	  7.582e-02 	
        11.800	  7.330e-02 	  7.580e-02 	
        11.834	  7.600e-02 	  7.580e-02 	
        11.866	  7.520e-02 	  7.576e-02 	
        11.901	  7.450e-02 	  7.573e-02 	
        11.934	  7.790e-02 	  7.576e-02 	
        11.966	  7.800e-02 	  7.575e-02 	
        12.000	  7.510e-02 	  7.575e-02 	
        12.034	  7.600e-02 	  7.573e-02 	
        12.066	  7.350e-02 	  7.568e-02 	
        12.100	  7.460e-02 	  7.566e-02 	
        12.134	  7.640e-02 	  7.570e-02 	
        12.166	  7.710e-02 	  7.571e-02 	
        12.200	  7.650e-02 	  7.570e-02 	
        12.234	  7.660e-02 	  7.570e-02 	
        12.266	  7.380e-02 	  7.568e-02 	
        12.300	  7.430e-02 	  7.566e-02 	
        12.334	  7.700e-02 	  7.568e-02 	
        12.366	  7.500e-02 	  7.567e-02 	
        12.400	  7.550e-02 	  7.565e-02 	
        12.434	  7.780e-02 	  7.568e-02 	
        12.468	  7.450e-02 	  7.566e-02 	
        12.500	  7.650e-02 	  7.565e-02 	
        12.534	  7.460e-02 	  7.563e-02 	
        12.566	  7.610e-02 	  7.564e-02 	
        12.600	  7.800e-02 	  7.565e-02 	
        12.634	  7.820e-02 	  7.568e-02 	
        12.666	  7.600e-02 	  7.568e-02 	
        12.700	  7.330e-02 	  7.567e-02 	
        12.734	  7.850e-02 	  7.572e-02 	
        12.766	  7.750e-02 	  7.574e-02 	
        12.800	  7.490e-02 	  7.571e-02 	
        12.834	  7.300e-02 	  7.569e-02 	
        12.866	  7.530e-02 	  7.568e-02 	
        12.900	  7.650e-02 	  7.567e-02 	
        12.934	  7.630e-02 	  7.566e-02 	
        12.966	  7.610e-02 	  7.564e-02 	
        13.000	  7.870e-02 	  7.565e-02 	
        13.034	  7.570e-02 	  7.563e-02 	
        13.066	  7.560e-02 	  7.559e-02 	
        13.100	  7.440e-02 	  7.559e-02 	
        13.134	  7.650e-02 	  7.559e-02 	
        13.166	  7.860e-02 	  7.560e-02 	
        13.200	  7.710e-02 	  7.562e-02 	
        13.234	  7.730e-02 	  7.562e-02 	
        13.266	  7.700e-02 	  7.563e-02 	
        13.300	  7.960e-02 	  7.566e-02 	
        13.334	  7.510e-02 	  7.566e-02 	
        13.366	  7.580e-02 	  7.565e-02 	
        13.400	  7.290e-02 	  7.562e-02 	
        13.434	  7.630e-02 	  7.567e-02 	
        13.468	  7.730e-02 	  7.570e-02 	
        13.500	  7.560e-02 	  7.570e-02 	
        13.534	  7.630e-02 	  7.574e-02 	
        13.566	  7.680e-02 	  7.576e-02 	
        13.600	  7.590e-02 	  7.579e-02 	
        13.634	  7.600e-02 	  7.578e-02 	
        13.666	  7.440e-02 	  7.577e-02 	
        13.700	  7.520e-02 	  7.578e-02 	
        13.734	  7.580e-02 	  7.579e-02 	
        13.766	  7.710e-02 	  7.579e-02 	
        13.800	  7.550e-02 	  7.579e-02 	
        13.834	  7.600e-02 	  7.580e-02 	
        13.866	  7.610e-02 	  7.581e-02 	
        13.900	  7.520e-02 	  7.580e-02 	
        13.934	  7.580e-02 	  7.582e-02 	
        13.966	  7.370e-02 	  7.576e-02 	
        14.001	  7.460e-02 	  7.572e-02 	
        14.034	  7.560e-02 	  7.572e-02 	
        14.066	  7.630e-02 	  7.571e-02 	
        14.100	  7.330e-02 	  7.565e-02 	
        14.134	  7.290e-02 	  7.558e-02 	
        14.166	  7.450e-02 	  7.555e-02 	
        14.200	  7.640e-02 	  7.558e-02 	
        14.234	  7.520e-02 	  7.557e-02 	
        14.266	  7.290e-02 	  7.554e-02 	
        14.300	  7.740e-02 	  7.556e-02 	
        14.334	  7.600e-02 	  7.555e-02 	
        14.366	  7.590e-02 	  7.560e-02 	
        14.400	  7.500e-02 	  7.562e-02 	
        14.434	  7.600e-02 	  7.565e-02 	
        14.468	  7.410e-02 	  7.565e-02 	
        14.500	  7.440e-02 	  7.565e-02 	
        14.534	  7.480e-02 	  7.566e-02 	
        14.566	  7.560e-02 	  7.570e-02 	
        14.600	  7.750e-02 	  7.576e-02 	
        14.634	  7.280e-02 	  7.575e-02 	
        14.666	  7.770e-02 	  7.576e-02 	
        14.700	  7.550e-02 	  7.576e-02 	
        14.734	  7.630e-02 	  7.578e-02 	
        14.766	  7.790e-02 	  7.581e-02 	
        14.800	  7.600e-02 	  7.579e-02 	
        14.834	  7.370e-02 	  7.580e-02 	
        14.866	  7.590e-02 	  7.580e-02 	
        14.900	  7.650e-02 	  7.581e-02 	
        14.934	  7.490e-02 	  7.582e-02 	
        14.966	  7.650e-02 	  7.580e-02 	
        15.000	  7.430e-02 	  7.576e-02 	
        15.034	  7.460e-02 	  7.575e-02 	
        15.066	  7.560e-02 	  7.575e-02 	
        15.100	  7.650e-02 	  7.578e-02 	
        15.134	  7.530e-02 	  7.579e-02 	
        15.166	  7.590e-02 	  7.579e-02 	
        15.200	  7.650e-02 	  7.578e-02 	
        15.234	  7.740e-02 	  7.579e-02 	
        15.266	  7.340e-02 	  7.575e-02 	
        15.300	  7.460e-02 	  7.576e-02 	
        15.334	  7.330e-02 	  7.575e-02 	
        15.366	  7.490e-02 	  7.573e-02 	
        15.400	  7.650e-02 	  7.575e-02 	
        15.434	  7.600e-02 	  7.575e-02 	
        15.468	  7.440e-02 	  7.571e-02 	
        15.500	  7.440e-02 	  7.571e-02 	
        15.534	  7.340e-02 	  7.568e-02 	
        15.566	  7.500e-02 	  7.568e-02 	
        15.600	  7.480e-02 	  7.567e-02 	
        15.634	  7.410e-02 	  7.563e-02 	
        15.666	  7.490e-02 	  7.559e-02 	
        15.700	  7.380e-02 	  7.556e-02 	
        15.734	  7.350e-02 	  7.557e-02 	
        15.766	  7.350e-02 	  7.551e-02 	
        15.800	  7.550e-02 	  7.549e-02 	
        15.834	  7.500e-02 	  7.549e-02 	
        15.866	  7.780e-02 	  7.554e-02 	
        15.900	  7.590e-02 	  7.555e-02 	
        15.934	  7.520e-02 	  7.554e-02 	
        15.966	  7.520e-02 	  7.552e-02 	
        16.000	  7.290e-02 	  7.549e-02 	
        16.039	  7.350e-02 	  7.543e-02 	
        16.066	  7.420e-02 	  7.542e-02 	
        16.100	  7.350e-02 	  7.539e-02 	
        16.134	  7.380e-02 	  7.539e-02 	
        16.166	  7.530e-02 	  7.537e-02 	
        16.200	  7.500e-02 	  7.533e-02 	
        16.234	  7.290e-02 	  7.529e-02 	
        16.266	  7.420e-02 	  7.525e-02 	
        16.300	  7.510e-02 	  7.523e-02 	
        16.334	  7.660e-02 	  7.520e-02 	
        16.366	  7.510e-02 	  7.520e-02 	
        16.400	  7.510e-02 	  7.519e-02 	
        16.434	  7.500e-02 	  7.521e-02 	
        16.468	  7.480e-02 	  7.520e-02 	
        16.500	  7.340e-02 	  7.515e-02 	
        16.534	  7.640e-02 	  7.516e-02 	
        16.566	  7.500e-02 	  7.515e-02 	
        16.601	  7.720e-02 	  7.515e-02 	
        16.634	  7.580e-02 	  7.515e-02 	
        16.666	  7.570e-02 	  7.515e-02 	
        16.700	  7.610e-02 	  7.517e-02 	
        16.734	  7.610e-02 	  7.518e-02 	
        16.766	  7.420e-02 	  7.516e-02 	
        16.800	  7.700e-02 	  7.516e-02 	
        16.834	  7.790e-02 	  7.519e-02 	
        16.866	  7.660e-02 	  7.519e-02 	
        16.900	  7.510e-02 	  7.518e-02 	
        16.934	  7.730e-02 	  7.520e-02 	
        16.966	  7.580e-02 	  7.520e-02 	
        17.000	  7.630e-02 	  7.523e-02 	
        17.034	  7.740e-02 	  7.526e-02 	
        17.066	  7.640e-02 	  7.527e-02 	
        17.100	  7.670e-02 	  7.528e-02 	
        17.134	  7.740e-02 	  7.532e-02 	
        17.166	  7.610e-02 	  7.536e-02 	
        17.200	  7.600e-02 	  7.537e-02 	
        17.234	  7.660e-02 	  7.538e-02 	
        17.266	  7.650e-02 	  7.539e-02 	
        17.300	  7.660e-02 	  7.543e-02 	
        17.334	  7.430e-02 	  7.540e-02 	
        17.366	  7.580e-02 	  7.539e-02 	
        17.400	  7.680e-02 	  7.540e-02 	
        17.434	  7.550e-02 	  7.541e-02 	
        17.468	  7.710e-02 	  7.542e-02 	
        17.500	  7.550e-02 	  7.544e-02 	
        17.534	  7.630e-02 	  7.546e-02 	
        17.566	  7.660e-02 	  7.548e-02 	
        17.600	  7.610e-02 	  7.548e-02 	
        17.634	  7.660e-02 	  7.547e-02 	
        17.666	  7.790e-02 	  7.553e-02 	
        17.700	  7.590e-02 	  7.551e-02 	
        17.734	  7.810e-02 	  7.554e-02 	
        17.766	  7.750e-02 	  7.555e-02 	
        17.800	  7.500e-02 	  7.552e-02 	
        17.834	  7.650e-02 	  7.553e-02 	
        17.866	  7.780e-02 	  7.557e-02 	
        17.900	  7.700e-02 	  7.558e-02 	
        17.934	  7.770e-02 	  7.560e-02 	
        17.966	  7.720e-02 	  7.562e-02 	
        18.000	  7.660e-02 	  7.562e-02 	
        18.034	  7.230e-02 	  7.560e-02 	
        18.066	  7.530e-02 	  7.561e-02 	
        18.100	  7.550e-02 	  7.561e-02 	
        18.134	  7.410e-02 	  7.558e-02 	
        18.166	  7.460e-02 	  7.557e-02 	
        18.200	  7.370e-02 	  7.555e-02 	
        18.234	  7.430e-02 	  7.552e-02 	
        18.266	  7.360e-02 	  7.548e-02 	
        18.300	  7.480e-02 	  7.550e-02 	
        18.334	  7.230e-02 	  7.547e-02 	
        18.366	  7.070e-02 	  7.544e-02 	
        18.400	  7.090e-02 	  7.540e-02 	
        18.440	  7.300e-02 	  7.535e-02 	
        18.468	  7.160e-02 	  7.531e-02 	
        18.500	  7.190e-02 	  7.529e-02 	
        18.534	  7.120e-02 	  7.525e-02 	
        18.566	  7.120e-02 	  7.523e-02 	
        18.600	  7.020e-02 	  7.517e-02 	
        18.634	  7.180e-02 	  7.514e-02 	
        18.666	  7.020e-02 	  7.510e-02 	
        18.700	  7.310e-02 	  7.508e-02 	
        18.734	  7.190e-02 	  7.506e-02 	
        18.766	  7.160e-02 	  7.504e-02 	
        18.800	  7.110e-02 	  7.501e-02 	
        18.834	  7.420e-02 	  7.500e-02 	
        18.866	  7.150e-02 	  7.496e-02 	
        18.900	  7.310e-02 	  7.491e-02 	
        18.934	  7.330e-02 	  7.488e-02 	
        18.966	  7.160e-02 	  7.484e-02 	
        19.000	  7.330e-02 	  7.482e-02 	
        19.034	  7.550e-02 	  7.485e-02 	
        19.066	  7.180e-02 	  7.483e-02 	
        19.100	  7.300e-02 	  7.481e-02 	
        19.134	  7.410e-02 	  7.482e-02 	
        19.166	  7.500e-02 	  7.483e-02 	
        19.201	  7.310e-02 	  7.481e-02 	
        19.235	  7.610e-02 	  7.484e-02 	
        19.267	  7.510e-02 	  7.485e-02 	
        19.301	  7.240e-02 	  7.482e-02 	
        19.335	  7.230e-02 	  7.477e-02 	
        19.367	  7.290e-02 	  7.475e-02 	
        19.401	  7.510e-02 	  7.475e-02 	
        19.435	  7.090e-02 	  7.470e-02 	
        19.469	  7.360e-02 	  7.469e-02 	
        19.501	  7.410e-02 	  7.470e-02 	
        19.534	  7.420e-02 	  7.469e-02 	
        19.567	  7.410e-02 	  7.466e-02 	
        19.601	  7.260e-02 	  7.464e-02 	
        19.635	  7.580e-02 	  7.461e-02 	
        19.667	  7.290e-02 	  7.458e-02 	
        19.701	  7.520e-02 	  7.457e-02 	
        19.735	  7.530e-02 	  7.456e-02 	
        19.767	  7.420e-02 	  7.456e-02 	
        19.801	  7.360e-02 	  7.453e-02 	
        19.834	  7.570e-02 	  7.454e-02 	
        19.867	  7.730e-02 	  7.451e-02 	
        19.901	  7.650e-02 	  7.452e-02 	
        19.935	  7.660e-02 	  7.452e-02 	
        19.969	  7.600e-02 	  7.452e-02 	
        20.001	  7.640e-02 	  7.452e-02 	
        20.035	  7.680e-02 	  7.451e-02 	
        20.066	  7.700e-02 	  7.454e-02 	
        20.100	  7.500e-02 	  7.453e-02 	
        20.135	  7.800e-02 	  7.451e-02 	
        20.167	  7.350e-02 	  7.448e-02 	
        20.200	  7.460e-02 	  7.448e-02 	
        20.234	  7.360e-02 	  7.445e-02 	
        20.268	  7.420e-02 	  7.440e-02 	
        20.301	  7.570e-02 	  7.439e-02 	
        20.335	  7.660e-02 	  7.442e-02 	
        20.369	  7.590e-02 	  7.442e-02 	
        20.400	  7.670e-02 	  7.445e-02 	
        20.434	  7.640e-02 	  7.444e-02 	
        20.469	  7.310e-02 	  7.439e-02 	
        20.500	  7.700e-02 	  7.441e-02 	
        20.534	  7.510e-02 	  7.441e-02 	
        20.568	  7.430e-02 	  7.436e-02 	
        20.601	  7.350e-02 	  7.433e-02 	
        20.634	  7.650e-02 	  7.436e-02 	
        20.666	  7.360e-02 	  7.433e-02 	
        20.700	  7.430e-02 	  7.429e-02 	
        20.734	  7.560e-02 	  7.428e-02 	
        20.767	  7.640e-02 	  7.423e-02 	
        20.801	  7.600e-02 	  7.424e-02 	
        20.834	  7.420e-02 	  7.424e-02 	
        20.866	  7.590e-02 	  7.423e-02 	
        20.900	  7.480e-02 	  7.420e-02 	
        20.934	  7.580e-02 	  7.419e-02 	
        20.968	  7.520e-02 	  7.412e-02 	
        21.000	  7.260e-02 	  7.411e-02 	
        21.035	  7.490e-02 	  7.411e-02 	
        21.066	  7.400e-02 	  7.411e-02 	
        21.100	  7.410e-02 	  7.409e-02 	
        21.134	  7.480e-02 	  7.409e-02 	
        21.168	  7.190e-02 	  7.406e-02 	
        21.200	  7.480e-02 	  7.406e-02 	
        21.234	  7.340e-02 	  7.406e-02 	
        21.267	  7.290e-02 	  7.405e-02 	
        21.300	  7.160e-02 	  7.402e-02 	
        21.334	  7.280e-02 	  7.400e-02 	
        21.368	  7.180e-02 	  7.403e-02 	
        21.400	  7.160e-02 	  7.401e-02 	
        21.435	  7.520e-02 	  7.405e-02 	
        21.468	  7.240e-02 	  7.405e-02 	
        21.500	  7.480e-02 	  7.408e-02 	
        21.534	  7.420e-02 	  7.411e-02 	
        21.566	  7.330e-02 	  7.413e-02 	
        21.600	  7.330e-02 	  7.415e-02 	
        21.634	  7.340e-02 	  7.419e-02 	
        21.667	  7.270e-02 	  7.424e-02 	
        21.700	  7.260e-02 	  7.423e-02 	
        21.734	  7.550e-02 	  7.425e-02 	
        21.766	  7.520e-02 	  7.429e-02 	
        21.800	  7.440e-02 	  7.432e-02 	
        21.834	  7.560e-02 	  7.437e-02 	
        21.870	  7.660e-02 	  7.443e-02 	
        21.900	  7.450e-02 	  7.443e-02 	
        21.934	  7.360e-02 	  7.443e-02 	
        21.966	  7.370e-02 	  7.444e-02 	
        22.000	  7.560e-02 	  7.448e-02 	
        22.034	  7.430e-02 	  7.449e-02 	
        22.066	  7.460e-02 	  7.448e-02 	
        22.101	  7.600e-02 	  7.455e-02 	
        22.134	  7.670e-02 	  7.457e-02 	
        22.166	  7.410e-02 	  7.457e-02 	
        22.200	  7.580e-02 	  7.458e-02 	
        22.234	  7.480e-02 	  7.460e-02 	
        22.266	  7.340e-02 	  7.457e-02 	
        22.300	  7.550e-02 	  7.457e-02 	
        22.334	  7.780e-02 	  7.463e-02 	
        22.366	  7.590e-02 	  7.467e-02 	
        22.400	  7.790e-02 	  7.473e-02 	
        22.434	  7.600e-02 	  7.474e-02 	
        22.468	  7.610e-02 	  7.479e-02 	
        22.500	  7.630e-02 	  7.482e-02 	
        22.534	  7.430e-02 	  7.482e-02 	
        22.566	  7.590e-02 	  7.484e-02 	
        22.600	  7.520e-02 	  7.485e-02 	
        22.634	  7.380e-02 	  7.487e-02 	
        22.666	  7.600e-02 	  7.487e-02 	
        22.700	  7.340e-02 	  7.488e-02 	
        22.734	  7.480e-02 	  7.487e-02 	
        22.767	  7.570e-02 	  7.488e-02 	
        22.800	  7.420e-02 	  7.488e-02 	
        22.834	  7.530e-02 	  7.489e-02 	
        22.866	  7.520e-02 	  7.489e-02 	
        22.900	  7.400e-02 	  7.485e-02 	
        22.934	  7.240e-02 	  7.481e-02 	
        22.966	  7.610e-02 	  7.480e-02 	
        23.000	  7.660e-02 	  7.481e-02 	
        23.034	  7.400e-02 	  7.478e-02 	
        23.066	  7.660e-02 	  7.478e-02 	
        23.100	  7.480e-02 	  7.476e-02 	
        23.134	  7.530e-02 	  7.476e-02 	
        23.166	  7.630e-02 	  7.474e-02 	
        23.200	  7.850e-02 	  7.480e-02 	
        23.234	  7.520e-02 	  7.480e-02 	
        23.269	  7.790e-02 	  7.486e-02 	
        23.300	  7.670e-02 	  7.488e-02 	
        23.334	  7.510e-02 	  7.487e-02 	
        23.366	  7.550e-02 	  7.486e-02 	
        23.400	  7.490e-02 	  7.485e-02 	
        23.434	  7.700e-02 	  7.485e-02 	
        23.468	  7.570e-02 	  7.484e-02 	
        23.500	  7.590e-02 	  7.487e-02 	
        23.534	  7.600e-02 	  7.486e-02 	
        23.566	  7.680e-02 	  7.488e-02 	
        23.600	  7.490e-02 	  7.489e-02 	
        23.634	  7.490e-02 	  7.490e-02 	
        23.666	  7.310e-02 	  7.487e-02 	
        23.700	  7.350e-02 	  7.486e-02 	
        23.734	  7.490e-02 	  7.487e-02 	
        23.766	  7.430e-02 	  7.486e-02 	
        23.800	  7.660e-02 	  7.486e-02 	
        23.834	  7.630e-02 	  7.486e-02 	
        23.866	  7.490e-02 	  7.487e-02 	
        23.900	  7.350e-02 	  7.484e-02 	
        23.934	  7.380e-02 	  7.483e-02 	
        23.966	  7.520e-02 	  7.483e-02 	
        24.000	  7.530e-02 	  7.483e-02 	
        24.034	  7.410e-02 	  7.484e-02 	
        24.066	  7.750e-02 	  7.487e-02 	
        24.100	  7.720e-02 	  7.491e-02 	
        24.134	  7.340e-02 	  7.490e-02 	
        24.166	  7.820e-02 	  7.494e-02 	
        24.200	  7.720e-02 	  7.500e-02 	
        24.234	  7.440e-02 	  7.499e-02 	
        24.266	  7.740e-02 	  7.504e-02 	
        24.300	  7.730e-02 	  7.508e-02 	
        24.334	  7.360e-02 	  7.511e-02 	
        24.366	  7.570e-02 	  7.514e-02 	
        24.400	  7.130e-02 	  7.513e-02 	
        24.434	  7.460e-02 	  7.516e-02 	
        24.468	  7.580e-02 	  7.517e-02 	
        24.500	  7.670e-02 	  7.522e-02 	
        24.534	  7.670e-02 	  7.524e-02 	
        24.566	  7.420e-02 	  7.524e-02 	
        24.600	  7.580e-02 	  7.527e-02 	
        24.634	  7.260e-02 	  7.526e-02 	
        24.666	  7.630e-02 	  7.529e-02 	
        24.700	  7.640e-02 	  7.533e-02 	
        24.734	  7.440e-02 	  7.535e-02 	
        24.766	  7.570e-02 	  7.535e-02 	
        24.800	  7.560e-02 	  7.536e-02 	
        24.834	  7.560e-02 	  7.537e-02 	
        24.866	  7.480e-02 	  7.536e-02 	
        24.900	  7.610e-02 	  7.536e-02 	
        24.934	  7.420e-02 	  7.535e-02 	
        24.966	  7.600e-02 	  7.538e-02 	
        25.000	  7.360e-02 	  7.538e-02 	
        25.034	  7.350e-02 	  7.536e-02 	
        25.066	  7.450e-02 	  7.536e-02 	
        25.100	  7.410e-02 	  7.535e-02 	
        25.134	  7.570e-02 	  7.535e-02 	
        25.166	  7.450e-02 	  7.533e-02 	
        25.200	  7.450e-02 	  7.533e-02 	
        25.234	  7.360e-02 	  7.531e-02 	
        25.266	  7.570e-02 	  7.532e-02 	
        25.300	  7.560e-02 	  7.534e-02 	
        25.334	  7.600e-02 	  7.535e-02 	
        25.366	  7.730e-02 	  7.534e-02 	
        25.400	  7.810e-02 	  7.536e-02 	
        25.434	  7.500e-02 	  7.533e-02 	
        25.468	  7.650e-02 	  7.534e-02 	
        25.500	  7.380e-02 	  7.531e-02 	
        25.534	  7.590e-02 	  7.531e-02 	
        25.566	  7.660e-02 	  7.533e-02 	
        25.600	  7.530e-02 	  7.533e-02 	
        25.634	  7.500e-02 	  7.532e-02 	
        25.666	  7.520e-02 	  7.534e-02 	
        25.700	  7.480e-02 	  7.533e-02 	
        25.734	  7.380e-02 	  7.533e-02 	
        25.766	  7.670e-02 	  7.535e-02 	
        25.800	  7.510e-02 	  7.535e-02 	
        25.834	  7.480e-02 	  7.535e-02 	
        25.866	  7.430e-02 	  7.534e-02 	
        25.900	  7.580e-02 	  7.535e-02 	
        25.934	  7.630e-02 	  7.537e-02 	
        25.966	  7.580e-02 	  7.541e-02 	
        26.000	  7.520e-02 	  7.540e-02 	
        26.034	  7.700e-02 	  7.540e-02 	
        26.066	  7.700e-02 	  7.544e-02 	
        26.100	  7.560e-02 	  7.543e-02 	
        26.134	  7.560e-02 	  7.544e-02 	
        26.166	  7.610e-02 	  7.544e-02 	
        26.200	  7.750e-02 	  7.546e-02 	
        26.234	  7.330e-02 	  7.540e-02 	
